mighty_ducks: 36 44 56 60 64 84 92 100 117 40 108
d2: 13 16 24 28 40 44 48 60
d3: 4 44 48 52 56 84 100 104
the_mighty: 20 24 112 12 56 64 120
turner_hooch: 8 60 68 76 84 16
shes_all_that: 92 4 28 60 40
idle_hands: 16 40 64 124 8 116
shaker_heights: 84 40 60 92 28 4
butterfly_effect: 8 12 64 84 116
lords_of_dogtown: 24 48 56 116 64
mockingjay1: 12 32 36 48 56 60 72 76 88 20
mockingjay2: 36 40 16 48 56 0 84 92
daredevil: 40 0 28 56 68 12 72 92 20 44 48 64 84 96 104 6 32
defenders: 20 28 56 68 120
killers: 16 20 28 44 68 0 24 92 104
born_again: 24 40 44 8 68 76 84 88 92 100 116 28
int_henson1: 1 5 9 13 17 21 24
daredevil2: 8 12 16 28 48 68 112 116 60
daredevil3: 0 12 44 56 64 72 100 112 116 124 120
